0.200010 256 256 256 0 0 0
0.200020 470 256 450 20 20 0
0.200030 427 256 384 42 42 0
0.200040 350 256 270 80 80 0
0.200050 257 256 129 127 127 0
0.200060 257 256 129 127 127 0
0.200071 365 256 292 73 73 0
0.200082 512 256 512 0 0 0
0.200092 509 256 507 1 1 0
0.200102 509 256 507 1 1 0
0.200112 388 256 327 61 61 0
0.200122 447 256 415 32 32 0
0.200132 429 256 388 41 41 0
0.200142 371 256 301 70 70 0
0.200152 345 256 261 83 83 0
0.200163 333 256 243 89 89 0
0.200173 321 256 226 95 95 0
0.200183 301 256 195 105 105 0
0.200193 289 256 178 111 111 0
0.200203 271 256 151 120 120 0
0.200213 268 256 147 121 121 0
0.200223 257 256 129 127 127 0
0.200233 257 256 129 127 127 0
0.200244 280 256 164 115 115 0
0.200254 386 256 323 62 62 0
0.200264 432 256 393 39 39 0
0.200274 456 256 428 27 27 0
0.200284 415 256 366 48 48 0
0.200294 391 256 331 60 60 0
0.200304 371 256 301 70 70 0
0.200314 350 256 270 80 80 0
0.200325 339 256 252 86 86 0
0.200335 327 256 235 92 92 0
0.200345 309 256 208 101 101 0
0.200355 295 256 186 108 108 0
0.200365 280 256 164 115 115 0
0.200375 262 256 138 124 124 0
0.200385 257 256 129 127 127 0
0.200395 257 256 129 127 127 0
0.200405 265 256 142 123 123 0
0.200415 327 256 235 92 92 0
0.200427 450 256 419 30 30 0
0.200437 453 256 424 29 29 0
0.200447 409 256 358 51 51 0
0.200457 386 256 323 62 62 0
0.200467 377 256 309 67 67 0
0.200477 359 256 283 76 76 0
0.200487 342 256 257 84 84 0
0.200497 330 256 239 90 90 0
0.200508 312 256 213 99 99 0
0.200518 298 256 191 106 106 0
0.200528 280 256 164 115 115 0
0.200538 262 256 138 124 124 0
0.200548 257 256 129 127 127 0
0.200558 257 256 129 127 127 0
0.200568 268 256 147 121 121 0
0.200579 333 256 243 89 89 0
0.200589 432 256 393 39 39 0
0.200599 438 256 402 36 36 0
0.200609 412 256 362 49 49 0
0.200619 397 256 340 57 57 0
0.200629 377 256 309 67 67 0
0.200639 359 256 283 76 76 0
0.200649 342 256 257 84 84 0
0.200659 324 256 230 93 93 0
0.200670 309 256 208 101 101 0
0.200680 292 256 182 109 109 0
0.200690 277 256 160 117 117 0
0.200700 262 256 138 124 124 0
0.200710 257 256 129 127 127 0
0.200720 257 256 129 127 127 0
0.200730 257 256 129 127 127 0
0.200740 286 256 173 112 112 0
0.200750 450 256 419 30 30 0
0.200760 473 256 454 19 19 0
0.200770 421 256 375 45 45 0
0.200781 400 256 345 55 55 0
0.200791 380 256 314 65 65 0
0.200801 359 256 283 76 76 0
0.200811 342 256 257 84 84 0
0.200821 324 256 230 93 93 0
0.200831 309 256 208 101 101 0
0.200841 295 256 186 108 108 0
0.200851 280 256 164 115 115 0
0.200861 265 256 142 123 123 0
0.200871 257 256 129 127 127 0
0.200881 257 256 129 127 127 0
0.200891 257 256 129 127 127 0
0.200901 283 256 169 114 114 0
0.200912 388 256 327 61 61 0
0.200922 509 256 507 1 1 0
0.200932 427 256 384 42 42 0
0.200942 403 256 349 54 54 0
0.200952 380 256 314 65 65 0
0.200962 362 256 287 74 74 0
0.200972 345 256 261 83 83 0
0.200982 330 256 239 90 90 0
0.200992 309 256 208 101 101 0
0.201002 303 256 199 104 104 0
0.201012 280 256 164 115 115 0
0.201022 230 256 90 140 84 55
0.201032 254 256 125 128 120 8
0.201043 192 256 32 159 58 101
0.201053 324 256 230 93 57 36
0.201063 216 256 68 147 0 147
0.201073 172 256 2 169 41 128
0.201085 345 256 261 83 0 83
0.201096 368 256 296 71 11 60
0.201106 365 256 292 73 57 16
0.201116 342 256 257 84 27 57
0.201127 262 256 138 124 20 104
0.201137 189 256 28 161 67 93
0.201148 175 256 6 168 7 161
0.201158 210 256 59 150 55 95
0.201168 192 256 32 159 2 156
0.201178 230 256 90 140 41 99
0.201188 301 256 195 105 0 105
0.201198 303 256 199 104 24 79
0.201208 356 256 279 77 39 38
0.201218 298 256 191 106 4 102
0.201228 318 256 221 96 58 38
0.201238 432 256 393 39 29 10
0.201249 506 256 503 2 2 0
0.201259 494 256 485 8 8 0
0.201269 503 256 498 4 4 0
0.201279 485 256 472 13 13 0
0.201289 462 256 437 24 24 0
0.201299 438 256 402 36 36 0
0.201309 412 256 362 49 49 0
0.201319 391 256 331 60 60 0
0.201329 368 256 296 71 71 0
0.201339 350 256 270 80 80 0
0.201349 330 256 239 90 90 0
0.201359 312 256 213 99 99 0
0.201369 298 256 191 106 106 0
0.201380 280 256 164 115 115 0
0.201390 262 256 138 124 124 0
0.201400 257 256 129 127 127 0
0.201410 257 129 256 127 127 0
0.201420 298 191 256 106 106 0
0.201430 324 230 256 93 93 0
0.201440 386 323 256 62 62 0
0.201450 479 463 256 16 16 0
0.201460 415 366 256 48 48 0
0.201470 397 340 256 57 57 0
0.201480 380 314 256 65 65 0
0.201490 359 283 256 76 76 0
0.201500 342 257 256 84 84 0
0.201511 324 230 256 93 93 0
0.201521 309 208 256 101 101 0
0.201531 295 186 256 108 108 0
0.201541 277 160 256 117 117 0
0.201551 265 142 256 123 123 0
0.201561 257 129 256 127 127 0
0.201571 257 129 256 127 127 0
0.201581 260 134 256 125 125 0
0.201591 309 208 256 101 101 0
0.201602 424 380 256 43 43 0
0.201612 456 428 256 27 27 0
0.201622 418 371 256 46 46 0
0.201632 397 340 256 57 57 0
0.201642 383 318 256 64 64 0
0.201652 362 287 256 74 74 0
0.201662 339 252 256 86 86 0
0.201672 324 230 256 93 93 0
0.201682 309 208 256 101 101 0
0.201692 289 178 256 111 111 0
0.201702 277 160 256 117 117 0
0.201712 260 134 256 125 125 0
0.201722 257 129 256 127 127 0
0.201733 257 129 256 127 127 0
0.201743 257 129 256 127 127 0
0.201753 268 147 256 121 121 0
0.201763 456 428 256 27 27 0
0.201773 456 428 256 27 27 0
0.201783 421 375 256 45 45 0
0.201793 403 349 256 54 54 0
0.201803 383 318 256 64 64 0
0.201813 359 283 256 76 76 0
0.201823 345 261 256 83 83 0
0.201834 327 235 256 92 92 0
0.201844 309 208 256 101 101 0
0.201854 312 213 256 99 99 0
0.201864 295 186 256 108 108 0
0.201874 306 204 256 102 102 0
0.201884 292 182 256 109 109 0
0.201894 277 160 256 117 117 0
0.201904 265 142 256 123 123 0
0.201914 257 129 256 127 127 0
0.201924 257 129 256 127 127 0
0.201934 265 142 256 123 123 0
0.201944 262 138 256 124 124 0
0.201955 374 305 256 68 68 0
0.201965 503 498 256 4 4 0
0.201975 409 358 256 51 51 0
0.201985 391 331 256 60 60 0
0.201995 377 309 256 67 67 0
0.202005 362 287 256 74 74 0
0.202015 347 265 256 82 82 0
0.202025 336 248 256 87 87 0
0.202035 324 230 256 93 93 0
0.202045 309 208 256 101 101 0
0.202055 298 191 256 106 106 0
0.202065 286 173 256 112 112 0
0.202075 274 156 256 118 118 0
0.202086 262 138 256 124 124 0
0.202096 257 129 256 127 127 0
0.202106 257 129 256 127 127 0
0.202116 257 129 256 127 127 0
0.202126 265 142 256 123 123 0
0.202137 415 366 256 48 48 0
0.202147 491 481 256 10 10 0
0.202157 418 371 256 46 46 0
0.202167 444 410 256 33 33 0
0.202177 424 380 256 43 43 0
0.202187 409 358 256 51 51 0
0.202197 391 331 256 60 60 0
0.202207 383 318 256 64 64 0
0.202217 365 292 256 73 73 0
0.202227 350 270 256 80 80 0
0.202238 339 252 256 86 86 0
0.202248 327 235 256 92 92 0
0.202258 309 208 256 101 101 0
0.202268 303 199 256 104 104 0
0.202278 286 173 256 112 112 0
0.202288 277 160 256 117 117 0
0.202298 265 142 256 123 123 0
0.202308 257 129 256 127 127 0
0.202318 257 129 256 127 127 0
0.202328 257 129 256 127 127 0
0.202338 309 208 256 101 101 0
0.202348 365 292 256 73 73 0
0.202359 359 283 256 76 76 0
0.202369 327 235 256 92 92 0
0.202379 324 230 256 93 93 0
0.202389 321 226 256 95 95 0
0.202399 327 235 256 92 92 0
0.202409 362 287 256 74 74 0
0.202420 427 384 256 42 42 0
0.202430 418 371 256 46 46 0
0.202440 409 358 256 51 51 0
0.202450 403 349 256 54 54 0
0.202460 397 340 256 57 57 0
0.202470 391 331 256 60 60 0
0.202481 383 318 256 64 64 0
0.202491 374 305 256 68 68 0
0.202501 371 301 256 70 70 0
0.202511 365 292 256 73 73 0
0.202521 362 287 256 74 74 0
0.202531 362 287 256 74 74 0
0.202541 418 371 256 46 46 0
0.202551 476 459 256 17 17 0
0.202561 512 512 256 0 0 0
0.202571 512 512 256 0 0 0
0.202581 512 512 256 0 0 0
0.202591 512 512 256 0 0 0
0.202604 512 512 256 0 0 0
