0.200102 73.5 0.0 73.5 
0.200203 98.28 0.0 98.28 
0.200303 100.08 0.0 100.08 
0.200404 100.92 0.0 100.92 
0.200505 101.04 0.0 101.04 
0.200605 99.96 0.0 99.96 
0.200706 101.04 0.0 101.04 
0.20080699999999999 101.04 0.0 101.04 
0.200907 99.96 0.0 99.96 
0.201008 100.92 0.0 100.92 
0.20110899999999998 52.44 55.56 108.0 
0.201209 26.1 73.86 99.96000000000001 
0.20131 75.18 21.78 96.96000000000001 
0.20141099999999998 100.92 0.0 100.92 
0.201511 100.08 0.0 100.08 
0.20161199999999999 100.92 0.0 100.92 
0.201712 100.08 0.0 100.08 
0.20181300000000002 100.2 0.0 100.2 
0.201914 100.92 0.0 100.92 
0.202015 99.48 0.0 99.48 
0.20211500000000002 100.08 0.0 100.08 
0.202216 100.92 0.0 100.92 
0.202317 101.04 0.0 101.04 
0.202417 99.96 0.0 99.96 
0.202518 101.04 0.0 101.04 
